[url.jpg]
filters=crop64=1,f841bc7f1c6e1f8;
crop=rect64(f841bc7f1c6e1f8)
moddate=27a8e1b475f7d001
width=594
height=341
textactive=0
[admin.jpg]
moddate=0fda2b9884f7d001
width=301
height=160
text=1;130;5;LOGIN;Abaddon™;0.082848,0.014962,0.133333,0.000000;v1,4294967295,4278190080,128.000000,1.000000,0.009346,1.000000,400,0,49152;;
textactive=1
